function mcs_index_table = table_51312
mcs_index_table = [2 120; ...
2 193; ...
2 308; ...
2 449; ...
2 602; ...
4 378; ...
4 434; ...
4 490; ...
4 553; ...
4 616; ...
4 658; ...
6 466; ...
6 517; ...
6 567; ...
6 616; ...
6 666; ...
6 719; ...
6 772; ...
6 822; ...
6 873; ...
8 682.5; ...
8 711; ...
8 754; ...
8 797; ...
8 841; ...
8 885; ...
8 916.5; ...
8 948; ...
2 -1; ...
4 -1; ...
6 -1; ...
8 -1];
end