function mcs_index_table = table_61411
mcs_index_table = [1 240; ...
1 314; ...
2 193; ...
2 251; ...
2 308; ...
2 379; ...
2 449; ...
2 526; ...
2 602; ...
2 679; ...
4 340; ...
4 378; ...
4 434; ...
4 490; ...
4 553; ...
4 616; ...
4 658; ...
6 466; ...
6 517; ...
6 567; ...
6 616; ...
6 666; ...
6 719; ...
6 772; ...
6 822; ...
6 873; ...
6 910; ...
6 948; ...
1 -1; ...
2 -1; ...
4 -1; ...
6 -1];
end